plate_size = [286.150000, 95.650000] ;
switch_info = [[[9.525, -9.525], 0, 1, 0], [[28.575000000000003, -9.525], 0, 1, 0], [[47.625, -9.525], 0, 1, 0], [[66.67500000000001, -9.525], 0, 1, 0], [[85.72500000000001, -9.525], 0, 1, 0], [[104.775, -9.525], 0, 1, 0], [[123.825, -9.525], 0, 1, 0], [[142.875, -9.525], 0, 1, 0], [[161.925, -9.525], 0, 1, 0], [[180.97500000000002, -9.525], 0, 1, 0], [[200.02500000000003, -9.525], 0, 1, 0], [[219.07500000000005, -9.525], 0, 1, 0], [[238.12500000000006, -9.525], 0, 1, 0], [[257.17500000000007, -9.525], 0, 1, 0], [[276.225, -9.525], 0, 1, 0], [[14.287500000000001, -28.575000000000003], 0, 1.5, 1], [[38.1, -28.575000000000003], 0, 1, 1], [[57.15, -28.575000000000003], 0, 1, 1], [[76.2, -28.575000000000003], 0, 1, 1], [[95.25, -28.575000000000003], 0, 1, 1], [[114.3, -28.575000000000003], 0, 1, 1], [[133.35, -28.575000000000003], 0, 1, 1], [[152.4, -28.575000000000003], 0, 1, 1], [[171.45000000000002, -28.575000000000003], 0, 1, 1], [[190.50000000000003, -28.575000000000003], 0, 1, 1], [[209.55000000000004, -28.575000000000003], 0, 1, 1], [[228.60000000000005, -28.575000000000003], 0, 1, 1], [[247.65000000000006, -28.575000000000003], 0, 1, 1], [[271.4625000000001, -28.575000000000003], 0, 1.5, 1], [[16.66875, -47.625], 0, 1.75, 2], [[42.8625, -47.625], 0, 1, 2], [[61.9125, -47.625], 0, 1, 2], [[80.9625, -47.625], 0, 1, 2], [[100.0125, -47.625], 0, 1, 2], [[119.0625, -47.625], 0, 1, 2], [[138.1125, -47.625], 0, 1, 2], [[157.16250000000002, -47.625], 0, 1, 2], [[176.21250000000003, -47.625], 0, 1, 2], [[195.26250000000005, -47.625], 0, 1, 2], [[214.31250000000006, -47.625], 0, 1, 2], [[233.36250000000007, -47.625], 0, 1, 2], [[264.3187500000001, -47.625], 0, 2.25, 2], [[21.431250000000002, -66.67500000000001], 0, 2.25, 3], [[52.3875, -66.67500000000001], 0, 1, 3], [[71.43750000000001, -66.67500000000001], 0, 1, 3], [[90.48750000000001, -66.67500000000001], 0, 1, 3], [[109.53750000000001, -66.67500000000001], 0, 1, 3], [[128.5875, -66.67500000000001], 0, 1, 3], [[147.63750000000002, -66.67500000000001], 0, 1, 3], [[166.68750000000003, -66.67500000000001], 0, 1, 3], [[185.73750000000004, -66.67500000000001], 0, 1, 3], [[204.78750000000005, -66.67500000000001], 0, 1, 3], [[223.83750000000006, -66.67500000000001], 0, 1, 3], [[250.03125000000006, -66.67500000000001], 0, 1.75, 3], [[276.225, -66.67500000000001], 0, 1, 3], [[38.1, -85.72500000000001], 0, 1, 4], [[61.9125, -85.72500000000001], 0, 1.5, 4], [[133.35000000000002, -85.72500000000001], 0, 6, 4], [[204.7875, -85.72500000000001], 0, 1.5, 4], [[228.6, -85.72500000000001], 0, 1, 4]] ;
